1840622988284293565
1841430790674268337
1845338192045871324
1847868019420385479
1848215914262774141
1850388433728143371
1852957154980073618
1853294001165910312
1855776627592245359
1858317948475392017
1860563410410492384
1865971956442599430
1868466433757421968
1870664521486049334
1873218392456675505
1873958002723872867
2009466837491437638
2010914304774795627
2027930370466029829
2029408968951664992
2031226517167157291
2034844029767356660
2050532769424650749
2062048826471649375
2064563797873066102
2066517440755118458
2066738318369493235
2067231071922766126
2067462652562116907
2069640192030585238
2069999098980368809
2070698380360405139
2073626299864887742
2074348504508756199
2074709878627782909
2075435356791730419
2076521278111186967
2076883965336768734
2077249141550575827
2078004794774770093
2078313826727199203
2078695797852606649
2080872026487898546
2081957554872283291
2084132613363781971
2084858678285656303
2085581885451972891
2085944849786921208
2086671954296312218
2087032980334338328
2087757798621032472
2088118707667218791
2088844713197703630
2089931076554887488
2090292488103969101
2091741606017941549
2092269516004692067
2092419080158609803
2092466831990923529
2092756325482815530
2092757563909845414
2092830486456660011
2092929586686578711
2092950824502923390
2092989687057227840
2093152730898661856
2093160439656173975
2093193601790750902
2093556456645923115
2093916400763244697
2094249210518638961
2094278739731599762
2094298342012670214
2094436683303567393
2094581931086385349
2094590330285031554
2094631947842777089
2094643748907233320
2094970151313760690
2095003621872279566
2095097592023765248
2095321484474679347
2095366111479152987
2095444615130472524
2095444727458038114
2095509788205678987
2095522125566423171
2095672436377416167
2095714677787709525
2095714942167212423
2095716783546388604
2095728491786551636
2095791153526562954
2095876793840656854
2096091344498557422
2096461080105255174
2096755370429747501
2096815852377329969
2096879982299713963
2097121481197334809
2097121535731564640
2097179752633074000
2097520157895909509
2097541631960555564
2097898951517323537
2097963127556198750
2098252698164535583
2098261154024018139
2098627169064976644
2098731238085554275
2098948756364562490
2098989937668538380
2099353114180714640
2099467356913442891
